0.45376344086021503 0.9627659574468085
0.45161290322580644 0.9601063829787234
0.42795698924731185 0.9601063829787234
0.4258064516129032 0.9574468085106383
0.41935483870967744 0.9574468085106383
0.4172043010752688 0.9547872340425532
0.4 0.9547872340425532
0.3978494623655914 0.9521276595744681
0.3913978494623656 0.9521276595744681
0.38924731182795697 0.949468085106383
0.3849462365591398 0.949468085106383
0.3827956989247312 0.9468085106382979
0.3741935483870968 0.9468085106382979
0.3720430107526882 0.9441489361702128
0.36774193548387096 0.9441489361702128
0.3655913978494624 0.9414893617021276
0.35913978494623655 0.9414893617021276
0.35698924731182796 0.9388297872340425
0.35268817204301073 0.9388297872340425
0.35053763440860214 0.9361702127659575
0.34838709677419355 0.9361702127659575
0.34623655913978496 0.9335106382978724
0.33763440860215055 0.9335106382978724
0.33548387096774196 0.9308510638297872
0.3333333333333333 0.9308510638297872
0.3311827956989247 0.9281914893617021
0.32903225806451614 0.9281914893617021
0.32688172043010755 0.925531914893617
0.3204301075268817 0.925531914893617
0.31827956989247314 0.9228723404255319
0.3161290322580645 0.9228723404255319
0.3139784946236559 0.9202127659574468
0.3118279569892473 0.9202127659574468
0.3096774193548387 0.9175531914893618
0.3053763440860215 0.9175531914893618
0.3032258064516129 0.9148936170212766
0.3010752688172043 0.9148936170212766
0.2989247311827957 0.9122340425531915
0.2967741935483871 0.9122340425531915
0.2946236559139785 0.9095744680851063
0.2924731182795699 0.9095744680851063
0.2903225806451613 0.9069148936170213
0.28817204301075267 0.9069148936170213
0.2860215053763441 0.9042553191489362
0.2838709677419355 0.9042553191489362
0.2817204301075269 0.901595744680851
0.27956989247311825 0.901595744680851
0.2752688172043011 0.8962765957446809
0.2709677419354839 0.8962765957446809
0.26881720430107525 0.8936170212765957
0.26666666666666666 0.8936170212765957
0.2623655913978495 0.8882978723404256
0.26021505376344084 0.8882978723404256
0.2537634408602151 0.8803191489361702
0.25161290322580643 0.8803191489361702
0.24731182795698925 0.875
0.24516129032258063 0.875
0.23870967741935484 0.8670212765957447
0.23655913978494625 0.8670212765957447
0.22365591397849463 0.851063829787234
0.221505376344086 0.851063829787234
0.210752688172043 0.8377659574468085
0.2086021505376344 0.8377659574468085
0.1978494623655914 0.824468085106383
0.1956989247311828 0.824468085106383
0.17419354838709677 0.7978723404255319
0.17419354838709677 0.7952127659574468
0.16559139784946236 0.7845744680851063
0.16559139784946236 0.7819148936170213
0.16129032258064516 0.7765957446808511
0.16129032258064516 0.773936170212766
0.15483870967741936 0.7659574468085106
0.15483870967741936 0.7632978723404256
0.14838709677419354 0.7553191489361702
0.14838709677419354 0.7526595744680851
0.14193548387096774 0.7446808510638299
0.14193548387096774 0.7420212765957447
0.13763440860215054 0.7367021276595744
0.13763440860215054 0.7340425531914894
0.13333333333333333 0.7287234042553192
0.13333333333333333 0.726063829787234
0.13118279569892474 0.7234042553191489
0.13118279569892474 0.7207446808510638
0.12903225806451613 0.7180851063829787
0.12903225806451613 0.7154255319148937
0.12473118279569892 0.7101063829787234
0.12473118279569892 0.7074468085106382
0.12258064516129032 0.7047872340425532
0.12258064516129032 0.7021276595744681
0.11827956989247312 0.6968085106382979
0.11827956989247312 0.6941489361702128
0.11612903225806452 0.6914893617021276
0.11612903225806452 0.6888297872340425
0.11182795698924732 0.6835106382978724
0.11182795698924732 0.6808510638297872
0.10967741935483871 0.6781914893617021
0.10967741935483871 0.6728723404255319
0.10752688172043011 0.6702127659574468
0.10752688172043011 0.6648936170212766
0.1053763440860215 0.6622340425531915
0.1053763440860215 0.6595744680851063
0.1032258064516129 0.6569148936170213
0.1032258064516129 0.6515957446808511
0.1010752688172043 0.648936170212766
0.1010752688172043 0.6462765957446808
0.0989247311827957 0.6436170212765957
0.0989247311827957 0.6382978723404256
0.0967741935483871 0.6356382978723405
0.0967741935483871 0.6303191489361701
0.09462365591397849 0.6276595744680851
0.09462365591397849 0.6223404255319149
0.09247311827956989 0.6196808510638299
0.09247311827956989 0.6117021276595744
0.09032258064516129 0.6090425531914894
0.09032258064516129 0.6037234042553192
0.08817204301075268 0.601063829787234
0.08817204301075268 0.5984042553191489
0.08602150537634409 0.5957446808510638
0.08602150537634409 0.5904255319148937
0.08387096774193549 0.5877659574468085
0.08387096774193549 0.5824468085106382
0.08172043010752689 0.5797872340425532
0.08172043010752689 0.574468085106383
0.07956989247311828 0.5718085106382979
0.07956989247311828 0.5691489361702128
0.07741935483870968 0.5664893617021276
0.07741935483870968 0.5638297872340425
0.07526881720430108 0.5611702127659575
0.07526881720430108 0.5558510638297872
0.07311827956989247 0.5531914893617021
0.07311827956989247 0.550531914893617
0.07096774193548387 0.5478723404255319
0.07096774193548387 0.5452127659574468
0.06881720430107527 0.5425531914893618
0.06881720430107527 0.5398936170212766
0.06666666666666667 0.5372340425531915
0.06666666666666667 0.5345744680851063
0.05591397849462366 0.5212765957446808
0.053763440860215055 0.5212765957446808
0.04946236559139785 0.5159574468085106
0.047311827956989246 0.5159574468085106
0.03870967741935484 0.5053191489361701
0.03655913978494624 0.5053191489361701
0.03655913978494624 0.5026595744680851
0.03225806451612903 0.49734042553191493
0.03225806451612903 0.49468085106382975
0.02795698924731183 0.4893617021276596
0.02795698924731183 0.48670212765957444
0.025806451612903226 0.48404255319148937
0.025806451612903226 0.4787234042553191
0.023655913978494623 0.47606382978723405
0.023655913978494623 0.46808510638297873
0.021505376344086023 0.46542553191489366
0.021505376344086023 0.45478723404255317
0.023655913978494623 0.4521276595744681
0.023655913978494623 0.4441489361702128
0.025806451612903226 0.4414893617021277
0.025806451612903226 0.43617021276595747
0.02795698924731183 0.4335106382978723
0.02795698924731183 0.42819148936170215
0.030107526881720432 0.42553191489361697
0.030107526881720432 0.4228723404255319
0.03655913978494624 0.4148936170212766
0.03655913978494624 0.4122340425531915
0.04946236559139785 0.3962765957446809
0.04946236559139785 0.3936170212765957
0.05161290322580645 0.39095744680851063
0.05161290322580645 0.38829787234042556
0.053763440860215055 0.3856382978723404
0.053763440860215055 0.3829787234042553
0.05806451612903226 0.37765957446808507
0.05806451612903226 0.3351063829787234
0.05591397849462366 0.33244680851063835
0.05806451612903226 0.32978723404255317
0.05806451612903226 0.32180851063829785
0.060215053763440864 0.3191489361702128
0.060215053763440864 0.29521276595744683
0.06236559139784946 0.29255319148936165
0.06236559139784946 0.28191489361702127
0.06451612903225806 0.2792553191489362
0.06451612903225806 0.26595744680851063
0.06666666666666667 0.26329787234042556
0.06666666666666667 0.25531914893617025
0.06881720430107527 0.25265957446808507
0.06881720430107527 0.23670212765957444
0.07096774193548387 0.23404255319148937
0.07096774193548387 0.2313829787234043
0.07526881720430108 0.22606382978723405
0.07526881720430108 0.2207446808510638
0.07741935483870968 0.21808510638297873
0.07741935483870968 0.21010638297872342
0.08602150537634409 0.19946808510638303
0.08602150537634409 0.19680851063829785
0.09247311827956989 0.18882978723404253
0.09247311827956989 0.18617021276595747
0.0967741935483871 0.18085106382978722
0.0967741935483871 0.17819148936170215
0.0989247311827957 0.17553191489361697
0.0989247311827957 0.1728723404255319
0.11397849462365592 0.1542553191489362
0.11612903225806452 0.1542553191489362
0.11827956989247312 0.15159574468085102
0.12043010752688173 0.15159574468085102
0.12258064516129032 0.14893617021276595
0.12688172043010754 0.14893617021276595
0.12903225806451613 0.14627659574468088
0.13118279569892474 0.14627659574468088
0.13333333333333333 0.1436170212765957
0.13763440860215054 0.1436170212765957
0.13978494623655913 0.14095744680851063
0.14408602150537633 0.14095744680851063
0.14623655913978495 0.13829787234042556
0.15053763440860216 0.13829787234042556
0.15268817204301074 0.13563829787234039
0.15483870967741936 0.13563829787234039
0.15698924731182795 0.13297872340425532
0.16774193548387098 0.13297872340425532
0.16989247311827957 0.13031914893617025
0.1827956989247312 0.13031914893617025
0.18494623655913978 0.12765957446808507
0.2838709677419355 0.12765957446808507
0.2860215053763441 0.125
0.28817204301075267 0.125
0.2903225806451613 0.12234042553191493
0.2924731182795699 0.12234042553191493
0.2946236559139785 0.11968085106382975
0.2967741935483871 0.11968085106382975
0.2989247311827957 0.11702127659574468
0.3010752688172043 0.11702127659574468
0.3032258064516129 0.11436170212765961
0.3053763440860215 0.11436170212765961
0.30752688172043013 0.11170212765957444
0.3096774193548387 0.11170212765957444
0.3118279569892473 0.10904255319148937
0.3161290322580645 0.10904255319148937
0.31827956989247314 0.1063829787234043
0.3225806451612903 0.1063829787234043
0.3247311827956989 0.10372340425531912
0.32688172043010755 0.10372340425531912
0.32903225806451614 0.10106382978723405
0.3849462365591398 0.10106382978723405
0.3870967741935484 0.10372340425531912
0.3935483870967742 0.10372340425531912
0.3956989247311828 0.1063829787234043
0.3978494623655914 0.1063829787234043
0.4 0.10904255319148937
0.4021505376344086 0.10904255319148937
0.4043010752688172 0.11170212765957444
0.40860215053763443 0.11170212765957444
0.410752688172043 0.11436170212765961
0.4129032258064516 0.11436170212765961
0.4150537634408602 0.11702127659574468
0.4172043010752688 0.11702127659574468
0.41935483870967744 0.11968085106382975
0.421505376344086 0.11968085106382975
0.4236559139784946 0.12234042553191493
0.4258064516129032 0.12234042553191493
0.42795698924731185 0.125
0.43010752688172044 0.125
0.432258064516129 0.12765957446808507
0.4344086021505376 0.12765957446808507
0.43655913978494626 0.13031914893617025
0.44086021505376344 0.13031914893617025
0.443010752688172 0.13297872340425532
0.4774193548387097 0.13297872340425532
0.5032258064516129 0.10106382978723405
0.5032258064516129 0.09840425531914898
0.5053763440860215 0.09840425531914898
0.5075268817204301 0.0957446808510638
0.5096774193548387 0.0957446808510638
0.5118279569892473 0.09308510638297873
0.513978494623656 0.09308510638297873
0.5161290322580645 0.09042553191489366
0.5182795698924731 0.09042553191489366
0.5204301075268817 0.08776595744680848
0.5225806451612903 0.08776595744680848
0.524731182795699 0.08510638297872342
0.5290322580645161 0.08510638297872342
0.5311827956989247 0.08244680851063835
0.5333333333333333 0.08244680851063835
0.535483870967742 0.07978723404255317
0.5397849462365591 0.07978723404255317
0.5419354838709678 0.0771276595744681
0.5548387096774193 0.0771276595744681
0.556989247311828 0.07446808510638303
0.5591397849462365 0.07446808510638303
0.5612903225806452 0.07180851063829785
0.5913978494623656 0.07180851063829785
0.5935483870967742 0.06914893617021278
0.6021505376344086 0.06914893617021278
0.6043010752688172 0.07180851063829785
0.6279569892473118 0.07180851063829785
0.6301075268817204 0.07446808510638303
0.6365591397849463 0.07446808510638303
0.6387096774193548 0.0771276595744681
0.6430107526881721 0.0771276595744681
0.6451612903225806 0.07978723404255317
0.6494623655913978 0.07978723404255317
0.6516129032258065 0.08244680851063835
0.6580645161290323 0.08244680851063835
0.6602150537634408 0.08510638297872342
0.6623655913978495 0.08510638297872342
0.6645161290322581 0.08776595744680848
0.6666666666666666 0.08776595744680848
0.6709677419354839 0.09308510638297873
0.6731182795698925 0.09308510638297873
0.6774193548387096 0.09840425531914898
0.6795698924731183 0.09840425531914898
0.6838709677419355 0.10372340425531912
0.6860215053763441 0.10372340425531912
0.6924731182795699 0.11170212765957444
0.6924731182795699 0.11436170212765961
0.6989247311827957 0.12234042553191493
0.6989247311827957 0.125
0.7053763440860215 0.13297872340425532
0.7139784946236559 0.13297872340425532
0.7161290322580646 0.13563829787234039
0.7247311827956989 0.13563829787234039
0.7268817204301076 0.13829787234042556
0.7333333333333333 0.13829787234042556
0.7354838709677419 0.14095744680851063
0.7419354838709677 0.14095744680851063
0.7440860215053764 0.1436170212765957
0.7720430107526882 0.1436170212765957
0.7741935483870968 0.14627659574468088
0.7806451612903226 0.14627659574468088
0.7827956989247312 0.14893617021276595
0.7956989247311828 0.14893617021276595
0.7978494623655914 0.15159574468085102
0.810752688172043 0.15159574468085102
0.8129032258064516 0.1542553191489362
0.8172043010752689 0.1542553191489362
0.8193548387096774 0.15691489361702127
0.8301075268817204 0.15691489361702127
0.832258064516129 0.15957446808510634
0.8408602150537634 0.15957446808510634
0.843010752688172 0.16223404255319152
0.8451612903225807 0.16223404255319152
0.8473118279569892 0.16489361702127658
0.8516129032258064 0.16489361702127658
0.8580645161290322 0.1728723404255319
0.8602150537634409 0.1728723404255319
0.864516129032258 0.17819148936170215
0.8666666666666667 0.17819148936170215
0.875268817204301 0.18882978723404253
0.875268817204301 0.19148936170212771
0.8903225806451613 0.21010638297872342
0.8903225806451613 0.21276595744680848
0.8924731182795699 0.21542553191489366
0.8924731182795699 0.22340425531914898
0.8946236559139785 0.22606382978723405
0.8946236559139785 0.2313829787234043
0.896774193548387 0.23404255319148937
0.896774193548387 0.24202127659574468
0.8989247311827957 0.24468085106382975
0.8989247311827957 0.25
0.9010752688172043 0.25265957446808507
0.9010752688172043 0.2579787234042553
0.9032258064516129 0.2606382978723404
0.9032258064516129 0.26329787234042556
0.9118279569892473 0.27393617021276595
0.9118279569892473 0.2792553191489362
0.9139784946236559 0.28191489361702127
0.9139784946236559 0.28457446808510634
0.9161290322580645 0.2872340425531915
0.9161290322580645 0.2898936170212766
0.9182795698924732 0.29255319148936165
0.9182795698924732 0.29521276595744683
0.9204301075268817 0.2978723404255319
0.9204301075268817 0.30053191489361697
0.9225806451612903 0.30319148936170215
0.9225806451612903 0.31382978723404253
0.9290322580645162 0.32180851063829785
0.9290322580645162 0.32446808510638303
0.9311827956989247 0.3271276595744681
0.9311827956989247 0.33244680851063835
0.9333333333333333 0.3351063829787234
0.9333333333333333 0.3537234042553191
0.9354838709677419 0.3563829787234043
0.9354838709677419 0.37234042553191493
0.9376344086021505 0.375
0.9376344086021505 0.37765957446808507
0.9440860215053763 0.3856382978723404
0.9440860215053763 0.3936170212765957
0.9419354838709677 0.3962765957446809
0.9419354838709677 0.4042553191489362
0.9440860215053763 0.40691489361702127
0.9440860215053763 0.4122340425531915
0.946236559139785 0.4148936170212766
0.946236559139785 0.4308510638297872
0.9483870967741935 0.4335106382978723
0.9483870967741935 0.43882978723404253
0.9505376344086022 0.4414893617021277
0.9505376344086022 0.44680851063829785
0.9483870967741935 0.44946808510638303
0.9483870967741935 0.46808510638297873
0.946236559139785 0.4707446808510638
0.946236559139785 0.4920212765957447
0.9440860215053763 0.49468085106382975
0.9440860215053763 0.5026595744680851
0.946236559139785 0.5053191489361701
0.946236559139785 0.5106382978723405
0.9440860215053763 0.5132978723404256
0.9440860215053763 0.523936170212766
0.9419354838709677 0.5265957446808511
0.9419354838709677 0.550531914893617
0.9397849462365592 0.5531914893617021
0.9397849462365592 0.5611702127659575
0.9376344086021505 0.5638297872340425
0.9376344086021505 0.5664893617021276
0.9354838709677419 0.5691489361702128
0.9354838709677419 0.5797872340425532
0.9333333333333333 0.5824468085106382
0.9333333333333333 0.5957446808510638
0.9311827956989247 0.5984042553191489
0.9311827956989247 0.6063829787234043
0.9333333333333333 0.6090425531914894
0.9311827956989247 0.6117021276595744
0.9311827956989247 0.6170212765957447
0.9290322580645162 0.6196808510638299
0.9290322580645162 0.625
0.9268817204301075 0.6276595744680851
0.9268817204301075 0.6329787234042553
0.9247311827956989 0.6356382978723405
0.9247311827956989 0.648936170212766
0.9225806451612903 0.6515957446808511
0.9225806451612903 0.6622340425531915
0.9204301075268817 0.6648936170212766
0.9204301075268817 0.6728723404255319
0.9182795698924732 0.675531914893617
0.9182795698924732 0.6888297872340425
0.9161290322580645 0.6914893617021276
0.9161290322580645 0.699468085106383
0.9139784946236559 0.7021276595744681
0.9139784946236559 0.7047872340425532
0.9118279569892473 0.7074468085106382
0.9118279569892473 0.7287234042553192
0.9053763440860215 0.7367021276595744
0.9053763440860215 0.7393617021276595
0.9032258064516129 0.7420212765957447
0.9032258064516129 0.7473404255319149
0.9010752688172043 0.75
0.9010752688172043 0.7526595744680851
0.8989247311827957 0.7553191489361702
0.8989247311827957 0.7579787234042553
0.8946236559139785 0.7632978723404256
0.8946236559139785 0.7659574468085106
0.8924731182795699 0.7686170212765957
0.8924731182795699 0.7712765957446809
0.8881720430107527 0.7765957446808511
0.8881720430107527 0.7792553191489362
0.886021505376344 0.7819148936170213
0.886021505376344 0.7872340425531915
0.8817204301075269 0.7925531914893618
0.8817204301075269 0.7952127659574468
0.8795698924731182 0.7978723404255319
0.8795698924731182 0.800531914893617
0.8709677419354839 0.8111702127659575
0.8709677419354839 0.8138297872340425
0.8666666666666667 0.8191489361702128
0.8666666666666667 0.8218085106382979
0.8580645161290322 0.8324468085106382
0.8580645161290322 0.8351063829787234
0.8516129032258064 0.8430851063829787
0.8516129032258064 0.8457446808510638
0.8494623655913979 0.8484042553191489
0.8494623655913979 0.851063829787234
0.8451612903225807 0.8563829787234043
0.843010752688172 0.8563829787234043
0.8193548387096774 0.8856382978723404
0.8172043010752689 0.8856382978723404
0.8086021505376344 0.8962765957446809
0.8064516129032258 0.8962765957446809
0.8 0.9042553191489362
0.7978494623655914 0.9042553191489362
0.7956989247311828 0.9069148936170213
0.7935483870967742 0.9069148936170213
0.789247311827957 0.9122340425531915
0.7870967741935484 0.9122340425531915
0.7827956989247312 0.9175531914893618
0.7784946236559139 0.9175531914893618
0.7763440860215054 0.9202127659574468
0.7741935483870968 0.9202127659574468
0.7720430107526882 0.9228723404255319
0.7698924731182796 0.9228723404255319
0.7677419354838709 0.925531914893617
0.7634408602150538 0.925531914893617
0.7612903225806451 0.9281914893617021
0.7548387096774194 0.9281914893617021
0.7526881720430108 0.9308510638297872
0.7462365591397849 0.9308510638297872
0.7440860215053764 0.9335106382978724
0.7311827956989247 0.9335106382978724
0.7290322580645161 0.9361702127659575
0.7139784946236559 0.9361702127659575
0.7118279569892473 0.9388297872340425
0.6838709677419355 0.9388297872340425
0.6817204301075269 0.9361702127659575
0.6645161290322581 0.9361702127659575
0.6623655913978495 0.9335106382978724
0.6473118279569893 0.9335106382978724
0.6451612903225806 0.9308510638297872
0.6408602150537634 0.9308510638297872
0.6387096774193548 0.9281914893617021
0.6344086021505376 0.9281914893617021
0.632258064516129 0.925531914893617
0.6150537634408603 0.925531914893617
0.6129032258064516 0.9281914893617021
0.610752688172043 0.9281914893617021
0.6086021505376344 0.9308510638297872
0.6064516129032258 0.9308510638297872
0.6043010752688172 0.9335106382978724
0.5978494623655914 0.9335106382978724
0.5956989247311828 0.9361702127659575
0.5913978494623656 0.9361702127659575
0.589247311827957 0.9388297872340425
0.5827956989247312 0.9388297872340425
0.5806451612903226 0.9414893617021276
0.5720430107526882 0.9414893617021276
0.5698924731182796 0.9441489361702128
0.567741935483871 0.9441489361702128
0.5655913978494623 0.9468085106382979
0.556989247311828 0.9468085106382979
0.5548387096774193 0.949468085106383
0.5526881720430108 0.949468085106383
0.5505376344086022 0.9521276595744681
0.5419354838709678 0.9521276595744681
0.5397849462365591 0.9547872340425532
0.5161290322580645 0.9547872340425532
0.513978494623656 0.9574468085106383
0.4924731182795699 0.9574468085106383
0.49032258064516127 0.9601063829787234
0.4860215053763441 0.9601063829787234
0.4838709677419355 0.9627659574468085
